-0.8253380176535517
-0.44370063928977677
-0.0620238856458229
0.31965837271681524
0.7013122623057217
1.0829039247317331
1.4643995347230128
1.8457653180950846
2.226967569652979
2.6079726710018343
2.9887471082424972
3.3692574895289704
3.7494705624648867
4.129353231316586
4.508872574020817
4.887995858965587
5.266690561523252
5.644924380315473
6.022665253190412
6.39988137289312
6.776541202410861
7.152613489975863
7.5280672837087685
7.902871945886896
8.27699716682232
8.650412978335561
9.023089766811733
9.394998285826725
9.766109668332172
10.136395438388693
10.505827522437984
10.874378260105315
11.242020414524855
11.608727182181354
11.974472202262584
12.339229565517947
12.702973822619654
13.065679992023712
13.42732356732904
13.787880524133818
14.147327326389167
14.505640932251097
14.862798799432454
15.21877889005762
15.573559675023267
15.927120137869432
16.279439778165877
16.630498614419345
16.98027718650815
17.32875655765099
17.675918315917723
18.021744575290185
18.366217976281884
18.70932168612582
19.05103939854002
19.391355333081236
19.73025423409705
20.06772136928759
20.403742527887935
20.73830401848291
21.071392666466025
21.402995811154536
21.733101302573104
22.061697497918146
22.38877325771563
22.71431794168491
23.038321404321163
23.360773990209328
23.681666529082168
24.00099033063524
24.31873717911144
24.63489932766769
24.94946949253638
25.26244084699392
25.57380701514859
25.883562065560074
26.191700504702297
26.498217270281586
26.803107724421587
27.106367646726323
27.4079932272325
27.707981059261925
28.006328132184635
28.303031824103087
28.59808989446752
28.89150047663224
29.183262070362332
29.47337353430008
29.761834078399897
30.04864325634049
30.33380095792252
30.61730740145977
30.899163126171494
31.179368984583444
31.457926134944525
31.734836033665903
32.0101004277892
32.283721347489646
32.555701098620396
32.82604225530332
33.09474765257181
33.361820379070444
33.62726376981621
33.89108139902598
34.153277073014095
34.41385482316426
34.67281889897918
34.930173761211556
35.185924075079434
35.44007470356887
35.69263070082668
35.94359730564564
36.192979935044434
36.44078417794432
36.68701578894451
36.93168068219762
37.17478492538694
37.41633473380651
37.65633646454533
37.894796610776375
38.13172179615137
38.36711876930187
38.600994398446986
38.83335566610825
39.06420966393158
39.293563587616674
39.521424731953445
39.74780048596558
39.97269832816066
40.19612582188681
40.418090610794906
40.63860041440618
40.85766302378429
41.075286297311195
41.291478156565994
41.50624658230575
41.71959961054753
41.931545328750346
42.14209187209617
42.35124741986869
42.559020191928866
42.765418445285675
42.970450470761214
43.17412458974852
43.37644915106093
43.57743252787157
43.777083114741636
43.97540932473591
44.17241958662428
44.3681223421676
44.56252604348665
44.755639150512465
44.94747012851678
45.13802744572093
45.32731957098185
45.51535497155352
45.70214211092249
45.88768944671591
46.0720054286806
46.255098496731584
46.43697707906886
46.617649590360536
46.79712442999116
46.97540998037376
47.15251460532396
47.328446648494975
47.503214431871825
47.67682625432363
47.849290390212325
48.020615088056594
48.19080856924967
48.35987902682941
48.527834624299786
48.694683494501966
48.86043373853407
49.025093424718165
49.188670587613316
49.35117322707342
49.5126093073486
49.6729867562291
49.83231346423032
49.990597283817955
50.14784602867218
50.304067472989594
50.459269350822
50.61345935545086
50.766645138796456
50.91883431086069
51.0700344392025
51.22025304844499
51.369497619813224
51.51777559070186
51.66509435427153
51.81146125907331
51.95688360870014
52.10136866146453
52.24492363010166
52.387555681497
52.52927193643773
52.67007946938711
52.80998530828109
52.94899643434639
53.087119781939364
53.22436223840486
53.360730643954454
53.4962317915634
53.63087242688559
53.76465924818584
53.8975989062891
54.029698004545644
54.16096309881201
54.2914006974468
54.421017261321026
54.54981920384231
54.67781289099247
54.80500464137795
54.93140072629263
55.05700736979255
55.18183074878194
55.305876993110274
55.429152185679804
55.5516623625632
55.673413513130726
55.79441158018679
55.91466246011526
56.03417200303326
56.15294601295308
56.27099024795173
56.388310420348006
56.50491219688645
56.62080119892812
56.73598300264769
56.85046313923665
56.964247095112285
57.07734031213213
57.18974818781364
57.30147607555878
57.41252928488329
57.52291308165039
57.6326326883086
57.74169328413354
57.850100005473365
57.95785794599778
58.06497215695015
58.17144764740283
58.27728938451517
58.38250229379439
58.48709125935867
58.59106112420269
58.6944166904652
58.79716271969856
58.89930393314007
59.0008450119848
59.10179059766004
59.20214529210095
59.30191365802741